--------------------
261.398028069135, 120.636937383258, -1.07162327468181e-14
2.64802806913464, 120.636937383258, -1.07162327468181e-14
2.64802806913464, 870.386937383258, -1.07162327468181e-14
261.398028069135, 870.386937383258, -1.07162327468181e-14
--------------------
234.170098111984, 416.269884901807, 2.80344570201944e-14
58.1700981119844, 416.269884901807, 2.80344570201944e-14
58.1700981119844, 564.019884901807, 2.80344570201944e-14
234.170098111984, 564.019884901807, 2.80344570201944e-14
